0 7.05062150458669
1 6.84583333333333
2 6.85208333333333
3 6.90833333333333
4 7.02916666666667
5 7.15
6 7.13958333333333
7 7.14583333333333
8 6.77083333333333
9 6.6375
10 6.5625
11 6.48541666666667
12 6.47291666666667
13 6.38297872340426
14 6.3625
15 6.33125
16 6.27916666666667
17 6.16458333333333
18 6.03125
19 5.7875
20 5.62291666666667
21 5.67708333333333
22 5.6125
23 5.54583333333333
24 5.55416666666667
25 5.61666666666667
26 5.67291666666667
27 5.69375
28 5.36666666666667
29 5.17291666666667
30 5.11666666666667
31 4.98125
32 4.99166666666667
33 5.075
34 5.13541666666667
35 5.325
36 5.36041666666667
37 5.3
38 5.27083333333333
39 5.51666666666667
40 5.725
41 5.72916666666667
42 5.75
43 5.62083333333333
44 5.56666666666667
45 5.53125
46 5.44791666666667
47 5.40208333333333
48 5.34583333333333
49 5.09791666666667
50 5.10625
51 5.225
52 5.02083333333333
53 5.15625
54 4.8875
55 4.76458333333333
56 4.79791666666667
57 4.85625
58 4.69583333333333
59 4.66666666666667
60 4.73541666666667
61 4.85
62 4.96875
63 5.025
64 4.97708333333333
65 4.95625
66 4.95208333333333
67 4.89583333333333
68 4.7625
69 4.65
70 4.47291666666667
71 4.07916666666667
72 3.58541666666667
73 3.43958333333333
74 3.46666666666667
75 3.44583333333333
76 3.63958333333333
77 3.90208333333333
78 3.98541666666667
79 4.01458333333333
80 3.92708333333333
81 4.08958333333333
82 4.12291666666667
83 4.23541666666667
84 4.26666666666667
85 4.43333333333333
86 4.60208333333333
87 4.70833333333333
88 4.77916666666667
89 4.48333333333333
90 4.4375
91 4.68125
92 5.00208333333333
93 4.88958333333333
94 5.08958333333333
95 5.36458333333333
96 5.43958333333333
97 5.25625
98 5.34375
99 5.46458333333333
100 5.41666666666667
101 5.53541666666667
102 5.74166666666667
103 5.71458333333333
104 5.62708333333333
105 5.65416666666667
106 5.69791666666667
107 5.65625
108 5.74375
109 6.77083333333333
110 7.27291666666667
111 6.75
112 6.09791666666667
113 6.6375
114 6.43333333333333
115 6.68958333333333
116 6.6625
117 6.66666666666667
118 6.86458333333333
119 7.20833333333333
120 7.40208333333333
121 7.9
122 8.18541666666667
123 8.04583333333333
124 8.26875
125 8.29166666666667
126 8.41875
127 8.60416666666667
128 8.6375
129 9.02916666666667
130 9.24375
131 9.11458333333333
132 9.53333333333333
133 8.875
134 9.025
135 9.23958333333333
136 9.25
137 9.44166666666667
138 9.775
139 10.1354166666667
140 10.2270833333333
141 10.1125
142 10.3041666666667
143 10.2104166666667
144 10.3270833333333
145 10.5208333333333
146 10.8625
147 11.025
148 11.3854166666667
149 11.5770833333333
150 11.6645833333333
151 11.6145833333333
152 11.60625
153 11.8458333333333
154 12.7833333333333
155 12.75
156 13.4416666666667
157 14.00625
158 14.20625
159 14.3645833333333
160 15.4958333333333
161 16.58125
162 18.2229166666667
163 19.1208333333333
164 18.3833333333333
165 17.45
166 17.8541666666667
167 18.1020833333333
168 18.0604166666667
169 18.3270833333333
170 18.8041666666667
171 19.84375
172 19.7958333333333
173 18.9166666666667
174 18.1520833333333
175 17.8333333333333
176 17.1479166666667
177 17.528234770965
178 17.6495138176378
179 17.7633991889687
180 17.8700574939913
181 17.9696553417392
182 18.062359341246
183 18.1483361015453
184 18.2277522316707
185 18.3007743406558
186 18.3675690375342
187 18.4283029313394
188 18.483142631105
189 18.5322547458648
190 18.5758058846521
191 20.6729166666667
192 21.6166666666667
193 19.23125
194 19.1458333333333
195 18.4979166666667
196 18.5833333333333
197 19.0854166666667
198 19.20625
199 19.53125
200 18.8208333333333
201 18.9833333333333
202 19.2041666666667
203 19.2270833333333
204 19.11875
205 18.68125
206 19.0145833333333
207 18.1395833333333
208 17.9229166666667
209 18.0354166666667
210 18.11875
211 18.5791666666667
212 18.725
213 17.975
214 18.0875
215 18.2145833333333
216 18.2833333333333
217 18.2958333333333
218 18.08125
219 17.8458333333333
220 17.76875
221 17.64375
222 17.7958333333333
223 17.6
224 16.8958333333333
225 16.6979166666667
226 16.7645833333333
227 16.8958333333333
228 17.2833333333333
229 16.8833333333333
230 17.0104166666667
231 16.9333333333333
232 16.8520833333333
233 16.9166666666667
234 16.9166666666667
235 16.85625
236 17.0604166666667
237 17.3958333333333
238 16.5979166666667
239 16.3
240 16.3166666666667
241 16.06875
242 15.8479166666667
243 16.0583333333333
244 16.2770833333333
245 16.20625
246 16.4104166666667
247 16.3229166666667
248 15.9916666666667
249 15.9791666666667
250 15.5479166666667
251 15.51875
252 15.35625
253 15.2395833333333
254 15.24375
255 15.0520833333333
256 15.3020833333333
257 15.225
258 15.3104166666667
259 15.5145833333333
260 15.4479166666667
261 15.2791666666667
262 15.1145833333333
263 15.0083333333333
264 14.85625
265 14.6833333333333
266 14.5375
267 14.4958333333333
268 14.2854166666667
269 14.2104166666667
270 14.2083333333333
271 14.10625
272 14.0166666666667
273 14.0333333333333
274 13.7208333333333
275 13.55
276 13.3895833333333
277 13.4458333333333
278 13.3291666666667
279 13.2666666666667
280 13.1020833333333
281 13.1375
282 13.0666666666667
283 13.1770833333333
284 13.0229166666667
285 12.76875
286 12.7375
287 12.8854166666667
288 12.8770833333333
289 12.8729166666667
290 12.7729166666667
291 12.64375
292 12.5770833333333
293 12.6
294 12.63125
295 12.6291666666667
296 12.7104166666667
297 12.5291666666667
298 12.3854166666667
299 12.30625
300 12.2583333333333
301 12.2645833333333
302 12.24375
303 12.1645833333333
304 12.18125
305 12.23125
306 12.20625
307 12.0145833333333
308 11.91875
309 11.8854166666667
310 11.8729166666667
311 11.4291666666667
312 11.1104166666667
313 11.0583333333333
314 10.9145833333333
315 10.7708333333333
316 10.6583333333333
317 10.5229166666667
318 10.3354166666667
319 10.4791666666667
320 10.34375
321 10.3208333333333
322 10.2333333333333
323 10.0895833333333
324 9.94166666666667
325 9.87083333333333
326 9.73958333333333
327 9.61458333333333
328 9.56041666666667
329 9.48958333333333
330 9.55625
331 9.60416666666667
332 9.51666666666667
333 9.60416666666667
334 9.4875
335 9.31666666666667
336 9.04583333333333
337 8.82291666666667
338 8.80416666666667
339 8.51041666666667
340 8.46041666666667
341 8.31458333333333
342 8.1875
343 8.20416666666667
344 8.26875
345 8.27291666666667
346 8.10625
347 8.09375
348 8.10208333333333
349 8.07916666666667
350 7.88125
351 7.81458333333333
352 7.9625
353 7.81875
354 7.81041666666667
355 7.74375
356 7.66041666666667
357 7.66875
358 7.62083333333333
359 7.6
360 7.6
361 7.56666666666667
362 7.48541666666667
363 7.44375
364 7.49791666666667
365 7.40208333333333
366 7.37708333333333
367 7.40208333333333
368 7.36666666666667
369 7.35625
370 7.3
371 7.35625
372 7.45208333333333
373 7.48125
374 7.49166666666667
375 7.57291666666667
376 7.65416666666667
377 7.71875
378 7.79166666666667
379 7.75
380 7.70208333333333
381 7.58541666666667
382 7.48958333333333
383 7.61458333333333
384 7.71666666666667
385 7.65833333333333
386 7.9
387 7.95
388 7.96458333333333
389 7.90208333333333
390 7.89791666666667
391 7.84791666666667
392 7.91875
393 7.6875
394 7.47291666666667
395 7.45
396 7.45416666666667
397 7.34583333333333
398 7.16458333333333
399 6.94166666666667
400 6.925
401 7.09583333333333
402 7.25208333333333
403 7.26666666666667
404 6.86041666666667
405 6.85625
406 6.65208333333333
407 6.51458333333333
408 6.33958333333333
409 6.07291666666667
410 5.875
411 5.97291666666667
412 6.06041666666667
413 6.01041666666667
414 5.99166666666667
415 5.9375
416 6.06875
417 6.0375
418 5.90625
419 5.9
420 6.09791666666667
421 6.18541666666667
422 6.25
423 6.35625
424 6.4
425 6.5
426 6.56875
427 6.54166666666667
428 6.7
429 6.81666666666667
430 7.02291666666667
431 7.22291666666667
432 7.19791666666667
433 7.3125
434 7.39375
435 7.38333333333333
436 7.51875
437 7.42291666666667
438 7.41666666666667
439 7.36458333333333
440 7.24166666666667
441 7.3625
442 7.28541666666667
443 7.2125
444 7.23541666666667
445 7.21041666666667
446 7.00833333333333
447 6.87708333333333
448 6.85625
449 6.79375
450 6.91458333333333
451 6.99791666666667
452 7.0125
453 6.91875
454 6.98333333333333
455 7.12083333333333
456 7.27708333333333
457 7.43958333333333
458 7.4375
459 7.5
460 7.42708333333333
461 7.71041666666667
462 7.80416666666667
463 7.83333333333333
464 7.95208333333333
465 7.94791666666667
466 7.95208333333333
467 8.05625
468 8.27708333333333
